rho eta ratio
0.005 0.005 12
0.0149 0.0149 12
0.0248 0.0248 12
0.0347 0.0347 12
0.0446 0.0446 12
0.0545 0.0545 12
0.0644 0.0644 12
0.0743 0.0743 12
0.0842 0.0842 12
0.0941 0.0941 12
0.104 0.104 12
0.1139 0.1139 12
0.1238 0.1238 12
0.1337 0.1337 12
0.1436 0.1436 12
0.1535 0.1535 12
0.1634 0.1634 12
0.1733 0.1733 12
0.1832 0.1832 12
0.1931 0.1931 12
0.203 0.203 12
0.2129 0.2129 12
0.2228 0.2228 12
0.2327 0.2327 12
0.2426 0.2426 12
0.2525 0.2525 12
0.2624 0.2624 12
0.2723 0.2723 12
0.2822 0.2822 12
0.2921 0.2921 12
0.302 0.302 12
0.3119 0.3119 12
0.3218 0.3218 12
0.3317 0.3317 12
0.3416 0.3416 12
0.3515 0.3515 12
0.3614 0.3614 12
0.3713 0.3713 12
0.3812 0.3812 12
0.3911 0.3911 12
0.401 0.401 12
0.4109 0.4109 12
0.4208 0.4208 12
0.4307 0.4307 12
0.4406 0.4406 12
0.4505 0.4505 12
0.4604 0.4604 12
0.4703 0.4703 12
0.4802 0.4802 12
0.4901 0.4901 12
0.5 0.5 12
0.5099 0.5099 12
0.5198 0.5198 12
0.5297 0.5297 12
0.5396 0.5396 12
0.5495 0.5495 12
0.5594 0.5594 12
0.5693 0.5693 12
0.5792 0.5792 12
0.5891 0.5891 12
0.599 0.599 12
0.6089 0.6089 12
0.6188 0.6188 12
0.6287 0.6287 12
0.6386 0.6386 12
0.6485 0.6485 12
0.6584 0.6584 12
0.6683 0.6683 12
0.6782 0.6782 12
0.6881 0.6881 12
0.698 0.698 12
0.7079 0.7079 12
0.7178 0.7178 12
0.7277 0.7277 12
0.7376 0.7376 12
0.7475 0.7475 12
0.7574 0.7574 12
0.7673 0.7673 12
0.7772 0.7772 12
0.7871 0.7871 12
0.797 0.797 12
0.8069 0.8069 12
0.8168 0.8168 12
0.8267 0.8267 12
0.8366 0.8366 12
0.8465 0.8465 12
0.8564 0.8564 12
0.8663 0.8663 12
0.8762 0.8762 12
0.8861 0.8861 12
0.896 0.896 12
0.9059 0.9059 12
0.9158 0.9158 12
0.9257 0.9257 12
0.9356 0.9356 12
0.9455 0.9455 12
0.9554 0.9554 12
0.9653 0.9653 12
0.9752 0.9752 12
0.9851 0.9851 12
0.995 0.995 12
0.005 0.00500995 12
0.0149 0.014909851 12
0.0248 0.024809752 12
0.0347 0.034709653 12
0.0446 0.044609554 12
0.0545 0.054509455 12
0.0644 0.064409356 12
0.0743 0.074309257 12
0.0842 0.084209158 12
0.0941 0.094109059 12
0.104 0.10400896 12
0.1139 0.113908861 12
0.1238 0.123808762 12
0.1337 0.133708663 12
0.1436 0.143608564 12
0.1535 0.153508465 12
0.1634 0.163408366 12
0.1733 0.173308267 12
0.1832 0.183208168 12
0.1931 0.193108069 12
0.203 0.20300797 12
0.2129 0.212907871 12
0.2228 0.222807772 12
0.2327 0.232707673 12
0.2426 0.242607574 12
0.2525 0.252507475 12
0.2624 0.262407376 12
0.2723 0.272307277 12
0.2822 0.282207178 12
0.2921 0.292107079 12
0.302 0.30200698 12
0.3119 0.311906881 12
0.3218 0.321806782 12
0.3317 0.331706683 12
0.3416 0.341606584 12
0.3515 0.351506485 12
0.3614 0.361406386 12
0.3713 0.371306287 12
0.3812 0.381206188 12
0.3911 0.391106089 12
0.401 0.40100599 12
0.4109 0.410905891 12
0.4208 0.420805792 12
0.4307 0.430705693 12
0.4406 0.440605594 12
0.4505 0.450505495 12
0.4604 0.460405396 12
0.4703 0.470305297 12
0.4802 0.480205198 12
0.4901 0.490105099 12
0.5 0.500005 12
0.5099 0.509904901 12
0.5198 0.519804802 12
0.5297 0.529704703 12
0.5396 0.539604604 12
0.5495 0.549504505 12
0.5594 0.559404406 12
0.5693 0.569304307 12
0.5792 0.579204208 12
0.5891 0.589104109 12
0.599 0.59900401 12
0.6089 0.608903911 12
0.6188 0.618803812 12
0.6287 0.628703713 12
0.6386 0.638603614 12
0.6485 0.648503515 12
0.6584 0.658403416 12
0.6683 0.668303317 12
0.6782 0.678203218 12
0.6881 0.688103119 12
0.698 0.69800302 12
0.7079 0.707902921 12
0.7178 0.717802822 12
0.7277 0.727702723 12
0.7376 0.737602624 12
0.7475 0.747502525 12
0.7574 0.757402426 12
0.7673 0.767302327 12
0.7772 0.777202228 12
0.7871 0.787102129 12
0.797 0.79700203 12
0.8069 0.806901931 12
0.8168 0.816801832 12
0.8267 0.826701733 12
0.8366 0.836601634 12
0.8465 0.846501535 12
0.8564 0.856401436 12
0.8663 0.866301337 12
0.8762 0.876201238 12
0.8861 0.886101139 12
0.896 0.89600104 12
0.9059 0.905900941 12
0.9158 0.915800842 12
0.9257 0.925700743 12
0.9356 0.935600644 12
0.9455 0.945500545 12
0.9554 0.955400446 12
0.9653 0.965300347 12
0.9752 0.975200248 12
0.9851 0.985100149 12
0.995 0.99500005 12
